cas <- c(48, 55, 51, 62, 53, 58, 60, 50, 49, 57, 52, 61, 54, 56, 59,53,
      50, 58, 55, 53)
jablko <- c(499.2,496.8,502.1,498.5,501,503,500.7,
        501.5,501.8,499.1,500.9,502.2,501.7, 500.4,
        500.2,501.1,499.9,500.2,501.1,500.8,499.3)
baterie <- c(12,19,16,13,15,12,14,20,15,19,17,20,
             13,9,11,20,12,19,8,13)
baterie1<- c(18.2,19.6,18.6,19.4,17,18.5,18,18.4,19,
             18,17.9,18.1)
pizza <- c(27,25,30,28,29,24,30,26,28,32,
           24,32,31,29,28,29,35,34,30,31,18,22)
pred <- c(87,61,98,90,93,74,83,72,81,75,83)
po <- c(50,45,79,90,88,65,52,79,84,61,52)
spotreba_A <-c(531.58, 541.89, 606.78, 570.68, 560.15, 598.93,
                575.45, 494.66, 511.84, 529.99, 588.70, 557.10)
spotreba_B <- c(491.33, 493.92, 590.72, 524.35, 513.79, 601.14,
                542.70,466.44, 501.47, 510.95, 577.17, 541.27)

odozva<-c(158.5,140.3,163.7,149.9,129.5,155.1,139.0,126.3,
          145.7,152.0,133.1,148.3,144.0,156.9,152.8,138.8,
          147.8,160)
